positives/theq_0344_53246759482_o.jpg  1  225 0 100 380
positives/theq_0333_53246759637_o.jpg  1  225 0 100 380
positives/theq_0323_53247995644_o.jpg  1  225 0 100 380
positives/theq_0411_53247994929_o.jpg  1  225 0 100 380
positives/theq_0274_53247995989_o.jpg  1  225 0 100 380
positives/theq_0307_53247931503_o.jpg  1  225 0 100 380
positives/theq_0381_53246759142_o.jpg  1  225 0 100 380
positives/theq_0311_53247635211_o.jpg  1  225 0 100 380
positives/theq_0369_53248129660_o.jpg  1  225 0 100 380
positives/theq_0341_53247635076_o.jpg  1  225 0 100 380
positives/theq_0251_53247931888_o.jpg  1  225 0 100 380
positives/theq_0324_53247995624_o.jpg  1  225 0 100 380
positives/theq_0208_53248130805_o.jpg  1  225 0 100 380
positives/theq_0325_53247930513_o.jpg  1  225 0 100 380
positives/theq_0353_53247995339_o.jpg  1  225 0 100 380
positives/theq_0335_53248129060_o.jpg  1  225 0 100 380
positives/theq_0420_53248128955_o.jpg  1  225 0 100 380
positives/theq_0421_53246758872_o.jpg  1  225 0 100 380
positives/theq_0327_53247931383_o.jpg  1  225 0 100 380
positives/theq_0348_53246759412_o.jpg  1  225 0 100 380
positives/theq_0393_53248129480_o.jpg  1  225 0 100 380
positives/theq_0275_53246760072_o.jpg  1  225 0 100 380
positives/theq_0357_53247634886_o.jpg  1  225 0 100 380
positives/theq_0392_53247634681_o.jpg  1  225 0 100 380
positives/theq_0246_53247931958_o.jpg  1  225 0 100 380
positives/theq_0235_53247634451_o.jpg  1  225 0 100 380
positives/theq_0222_53247635786_o.jpg  1  225 0 100 380
positives/theq_0308_53248130160_o.jpg  1  225 0 100 380
positives/theq_0227_53247634461_o.jpg  1  225 0 100 380
positives/theq_0358_53247995314_o.jpg  1  225 0 100 380
positives/theq_0376_53246759212_o.jpg  1  225 0 100 380
positives/theq_0272_53247931773_o.jpg  1  225 0 100 380
positives/theq_0224_53246760427_o.jpg  1  225 0 100 380
positives/theq_0418_53248129300_o.jpg  1  225 0 100 380
positives/theq_0298_53247995839_o.jpg  1  225 0 100 380
positives/theq_0271_53246758767_o.jpg  1  225 0 100 380
positives/theq_0401_53247994964_o.jpg  1  225 0 100 380
positives/theq_0356_53247995324_o.jpg  1  225 0 100 380
positives/theq_0328_53246759677_o.jpg  1  225 0 100 380
positives/theq_0416_53248128990_o.jpg  1  225 0 100 380
positives/theq_0225_53246760407_o.jpg  1  225 0 100 380
positives/theq_0408_53246758917_o.jpg  1  225 0 100 380
positives/theq_0237_53247996269_o.jpg  1  225 0 100 380
positives/theq_0422_53247994874_o.jpg  1  225 0 100 380
positives/theq_0299_53248130255_o.jpg  1  225 0 100 380
positives/theq_0400_53247994979_o.jpg  1  225 0 100 380
positives/theq_0377_53246759152_o.jpg  1  225 0 100 380
positives/theq_0361_53247931028_o.jpg  1  225 0 100 380
positives/theq_0214_53246760567_o.jpg  1  225 0 100 380
positives/theq_0233_53246758802_o.jpg  1  225 0 100 380
positives/theq_0250_53247996154_o.jpg  1  225 0 100 380
positives/theq_0217_53247635816_o.jpg  1  225 0 100 380
positives/theq_0336_53247635101_o.jpg  1  225 0 100 380
positives/theq_0210_53247996529_o.jpg  1  225 0 100 380
positives/theq_0283_53247995939_o.jpg  1  225 0 100 380
positives/theq_0312_53247995704_o.jpg  1  225 0 100 380
positives/theq_0345_53248129910_o.jpg  1  225 0 100 380
positives/theq_0220_53246760447_o.jpg  1  225 0 100 380
positives/theq_0315_53247995684_o.jpg  1  225 0 100 380
positives/theq_0248_53247635591_o.jpg  1  225 0 100 380
positives/theq_0291_53247931673_o.jpg  1  225 0 100 380
positives/theq_0338_53247931283_o.jpg  1  225 0 100 380
positives/theq_0380_53247995159_o.jpg  1  225 0 100 380
positives/theq_0364_53248129715_o.jpg  1  225 0 100 380
positives/theq_0384_53247995099_o.jpg  1  225 0 100 380
positives/theq_0387_53247930873_o.jpg  1  225 0 100 380
positives/theq_0405_53246758962_o.jpg  1  225 0 100 380
positives/theq_0363_53248129730_o.jpg  1  225 0 100 380
positives/theq_0247_53247635621_o.jpg  1  225 0 100 380
positives/theq_0281_53247995964_o.jpg  1  225 0 100 380
positives/theq_0322_53247931433_o.jpg  1  225 0 100 380
positives/theq_0305_53246759862_o.jpg  1  225 0 100 380
positives/theq_0343_53247634976_o.jpg  1  225 0 100 380
positives/theq_0211_53247932288_o.jpg  1  225 0 100 380
positives/theq_0261_53248130480_o.jpg  1  225 0 100 380
positives/theq_0234_53247635691_o.jpg  1  225 0 100 380
positives/theq_0362_53246759287_o.jpg  1  225 0 100 380
positives/theq_0218_53246760472_o.jpg  1  225 0 100 380
positives/theq_0230_53247932078_o.jpg  1  225 0 100 380
positives/theq_0268_53248130455_o.jpg  1  225 0 100 380
positives/theq_0265_53247635491_o.jpg  1  225 0 100 380
positives/theq_0216_53247996469_o.jpg  1  225 0 100 380
positives/theq_0403_53247994959_o.jpg  1  225 0 100 380
positives/theq_0215_53247932248_o.jpg  1  225 0 100 380
positives/theq_0310_53247995744_o.jpg  1  225 0 100 380
positives/theq_0354_53248129790_o.jpg  1  225 0 100 380
positives/theq_0383_53247995104_o.jpg  1  225 0 100 380
positives/theq_0425_53248128950_o.jpg  1  225 0 100 380
positives/theq_0229_53248130640_o.jpg  1  225 0 100 380
positives/theq_0329_53247930503_o.jpg  1  225 0 100 380
positives/theq_0330_53247995589_o.jpg  1  225 0 100 380
positives/theq_0266_53247931778_o.jpg  1  225 0 100 380
positives/theq_0219_53247996444_o.jpg  1  225 0 100 380
positives/theq_0231_53246760342_o.jpg  1  225 0 100 380
positives/theq_0374_53247994639_o.jpg  1  225 0 100 380
positives/theq_0267_53246760087_o.jpg  1  225 0 100 380
positives/theq_0410_53247634581_o.jpg  1  225 0 100 380
positives/theq_0406_53247634591_o.jpg  1  225 0 100 380
positives/theq_0390_53247930863_o.jpg  1  225 0 100 380
positives/theq_0292_53247635391_o.jpg  1  225 0 100 380
positives/theq_0360_53247931033_o.jpg  1  225 0 100 380
positives/theq_0269_53246758762_o.jpg  1  225 0 100 380
positives/theq_0359_53247931043_o.jpg  1  225 0 100 380
positives/theq_0389_53246758627_o.jpg  1  225 0 100 380
positives/theq_0212_53247635871_o.jpg  1  225 0 100 380
positives/theq_0260_53247996049_o.jpg  1  225 0 100 380
positives/theq_0302_53247931583_o.jpg  1  225 0 100 380
positives/theq_0409_53246758912_o.jpg  1  225 0 100 380
positives/theq_0394_53247995014_o.jpg  1  225 0 100 380
positives/theq_0289_53247995909_o.jpg  1  225 0 100 380
positives/theq_0379_53247930933_o.jpg  1  225 0 100 380
positives/theq_0301_53248130225_o.jpg  1  225 0 100 380
positives/theq_0296_53247635321_o.jpg  1  225 0 100 380
positives/theq_0245_53248130560_o.jpg  1  225 0 100 380
positives/theq_0255_53247931863_o.jpg  1  225 0 100 380
positives/theq_0370_53247995199_o.jpg  1  225 0 100 380
positives/theq_0349_53247995394_o.jpg  1  225 0 100 380
positives/theq_0259_53246760127_o.jpg  1  225 0 100 380
positives/theq_0226_53247932103_o.jpg  1  225 0 100 380
positives/theq_0350_53247931163_o.jpg  1  225 0 100 380
positives/theq_0264_53246760097_o.jpg  1  225 0 100 380
positives/theq_0319_53248129090_o.jpg  1  225 0 100 380
positives/theq_0244_53247996209_o.jpg  1  225 0 100 380
positives/theq_0249_53248130530_o.jpg  1  225 0 100 380
positives/theq_0252_53248130515_o.jpg  1  225 0 100 380
positives/theq_0423_53247930618_o.jpg  1  225 0 100 380
positives/theq_0318_53246759747_o.jpg  1  225 0 100 380
positives/theq_0375_53247634306_o.jpg  1  225 0 100 380
positives/theq_0282_53247995954_o.jpg  1  225 0 100 380
positives/theq_0352_53247634896_o.jpg  1  225 0 100 380
positives/theq_0347_53248129865_o.jpg  1  225 0 100 380
positives/theq_0388_53247634261_o.jpg  1  225 0 100 380
positives/theq_0288_53248130370_o.jpg  1  225 0 100 380
positives/theq_0332_53247995579_o.jpg  1  225 0 100 380
positives/theq_0256_53247635541_o.jpg  1  225 0 100 380
positives/theq_0340_53246759552_o.jpg  1  225 0 100 380
positives/theq_0209_53247996564_o.jpg  1  225 0 100 380
positives/theq_0378_53247930943_o.jpg  1  225 0 100 380
positives/theq_0402_53246758992_o.jpg  1  225 0 100 380
positives/theq_0262_53247931818_o.jpg  1  225 0 100 380
positives/theq_0240_53246760302_o.jpg  1  225 0 100 380
positives/theq_0258_53247996054_o.jpg  1  225 0 100 380
positives/theq_0313_53247994694_o.jpg  1  225 0 100 380
positives/theq_0382_53246759097_o.jpg  1  225 0 100 380
positives/theq_0342_53247634981_o.jpg  1  225 0 100 380
positives/theq_0304_53247635271_o.jpg  1  225 0 100 380
positives/theq_0221_53247635791_o.jpg  1  225 0 100 380
positives/theq_0337_53248129975_o.jpg  1  225 0 100 380
positives/theq_0424_53247994554_o.jpg  1  225 0 100 380
positives/theq_0228_53247932108_o.jpg  1  225 0 100 380
positives/theq_0351_53248129855_o.jpg  1  225 0 100 380
positives/theq_0309_53248130150_o.jpg  1  225 0 100 380
positives/theq_0326_53247635146_o.jpg  1  225 0 100 380
positives/theq_0346_53246759457_o.jpg  1  225 0 100 380
positives/theq_0273_53247635476_o.jpg  1  225 0 100 380
positives/theq_0270_53248129180_o.jpg  1  225 0 100 380
positives/theq_0385_53247994624_o.jpg  1  225 0 100 380
positives/theq_0213_53247930623_o.jpg  1  225 0 100 380
positives/theq_0368_53247995204_o.jpg  1  225 0 100 380
positives/theq_0287_53248130380_o.jpg  1  225 0 100 380
positives/theq_0373_53248129020_o.jpg  1  225 0 100 380
positives/theq_0295_53247635341_o.jpg  1  225 0 100 380
positives/theq_0404_53246758957_o.jpg  1  225 0 100 380
positives/theq_0321_53248129065_o.jpg  1  225 0 100 380
positives/theq_0238_53248130605_o.jpg  1  225 0 100 380
positives/theq_0355_53248129785_o.jpg  1  225 0 100 380
positives/theq_0277_53248129165_o.jpg  1  225 0 100 380
positives/theq_0407_53248129350_o.jpg  1  225 0 100 380
positives/theq_0372_53247634771_o.jpg  1  225 0 100 380
positives/theq_0284_53247995934_o.jpg  1  225 0 100 380
positives/theq_0367_53248129665_o.jpg  1  225 0 100 380
positives/theq_0320_53248129080_o.jpg  1  225 0 100 380
positives/theq_0413_53247930698_o.jpg  1  225 0 100 380
positives/theq_0297_53248130270_o.jpg  1  225 0 100 380
positives/theq_0399_53247994969_o.jpg  1  225 0 100 380
positives/theq_0427_53247994569_o.jpg  1  225 0 100 380
